camera_matrix:
- - 453.2849900155544
  - 0.0
  - 270.80617925459717
- - 0.0
  - 446.52052211882415
  - 181.65214485863993
- - 0.0
  - 0.0
  - 1.0
dist_coeff:
- - -0.14327906516133893
  - 0.40356548829817174
  - -0.030476200767828372
  - -0.018576011809779136
  - -0.15006003773734494
