camera_matrix:
- - 497.71006609444225
  - 0.0
  - 317.1640099055311
- - 0.0
  - 496.8211545767483
  - 240.02867930372201
- - 0.0
  - 0.0
  - 1.0
dist_coeff:
- - 0.020003407255696035
  - 0.2727150940791168
  - -0.002142572429593548
  - -0.0037512477845846205
  - -0.7326629985734605
