camera_matrix:
- - 508.3761395101964
  - 0.0
  - 324.11265380850887
- - 0.0
  - 503.90649457944926
  - 237.1111842532374
- - 0.0
  - 0.0
  - 1.0
dist_coeff:
- - 0.01747085906320973
  - 0.44398130045377865
  - -0.0032138904092697015
  - 0.0016649907953435105
  - -1.0325109231641096
