camera_matrix:
- - 499.20317046940033
  - 0.0
  - 373.1596025047595
- - 0.0
  - 493.79828327227887
  - 206.42150040436215
- - 0.0
  - 0.0
  - 1.0
dist_coeff:
- - -0.22802531346078408
  - 0.738565093032392
  - 0.01805561457211689
  - -0.010130386903517098
  - -1.3763755439034053
