camera_matrix:
- - 536.9633827460008
  - 0.0
  - 286.8385797876063
- - 0.0
  - 533.1601866557083
  - 189.5152583459049
- - 0.0
  - 0.0
  - 1.0
dist_coeff:
- - -0.15366945097313472
  - 0.9789189334778575
  - 0.0068198992110670015
  - -0.03719112394729032
  - -2.5163997913373626
