camera_matrix:
- - 400.28008972766827
  - 0.0
  - 318.48795017356304
- - 0.0
  - 403.6112685232923
  - 234.5339283669098
- - 0.0
  - 0.0
  - 1.0
dist_coeff:
- - -0.00057852819888277
  - -0.15856293489982898
  - -0.0013831956626671606
  - -0.024253148240722982
  - 0.15287268165512327
