camera_matrix:
- - 579.7096827011677
  - 0.0
  - 353.8017797948499
- - 0.0
  - 580.292352221
  - 260.5633656583526
- - 0.0
  - 0.0
  - 1.0
dist_coeff:
- - 0.0937812869928685
  - -0.1961479075442413
  - 0.00035909977821912053
  - 0.005301887544223087
  - 0.07722945804951173
