camera_matrix:
- - 575.7181508818591
  - 0.0
  - 338.8127985628487
- - 0.0
  - 575.2950719516144
  - 272.23441679112005
- - 0.0
  - 0.0
  - 1.0
dist_coeff:
- - 0.07698425603673484
  - -0.13090752723650165
  - 0.0043677825736342015
  - -0.0029449350617603825
  - -0.045627218609581126
