camera_matrix:
- - 582.7496386597519
  - 0.0
  - 345.4088708182329
- - 0.0
  - 580.5417661426554
  - 272.86765473591163
- - 0.0
  - 0.0
  - 1.0
dist_coeff:
- - 0.11790781570850932
  - -0.2939469010350744
  - 0.004634187889270618
  - 0.0009231624657459821
  - 0.09148277953578575
