camera_matrix:
- - 494.1804761918693
  - 0.0
  - 298.9512933914363
- - 0.0
  - 494.8634037295295
  - 242.01319715223462
- - 0.0
  - 0.0
  - 1.0
dist_coeff:
- - -0.24583139021539968
  - 1.1914861844829399
  - 0.007473524128356596
  - -0.018282899432595163
  - -2.3691725963499204
