camera_matrix:
- - 591.2371503397294
  - 0.0
  - 361.93385965809773
- - 0.0
  - 586.1730556740242
  - 247.35556806235
- - 0.0
  - 0.0
  - 1.0
dist_coeff:
- - 0.10495509476627611
  - -0.15142085130228766
  - -0.008010640756114375
  - 0.015882811664322722
  - 0.0031395138052634163
