camera_matrix:
- - 511.2497899723439
  - 0.0
  - 318.4519272413519
- - 0.0
  - 510.79899518630316
  - 246.53361724175014
- - 0.0
  - 0.0
  - 1.0
dist_coeff:
- - 0.05408285280163656
  - 0.24303653734880123
  - -0.003636340469149795
  - -0.0045536933891115105
  - -0.7160253486362504
