camera_matrix:
- - 580.6804246559678
  - 0.0
  - 384.627295617183
- - 0.0
  - 582.2198783634224
  - 267.9667511394837
- - 0.0
  - 0.0
  - 1.0
dist_coeff:
- - 0.04938732540759287
  - 0.3463924458491871
  - -0.0011372285572098866
  - 0.030440278319784332
  - -2.801563746479491
