camera_matrix:
- - 480.0231802820959
  - 0.0
  - 298.1302600383432
- - 0.0
  - 483.88910347665967
  - 271.0627288739961
- - 0.0
  - 0.0
  - 1.0
dist_coeff:
- - -0.035616151709391086
  - 0.8229714641870406
  - 0.030384718069408595
  - -0.029676673176928094
  - -3.5786532669546673
