x-direction: -0.01972138262800774
y-direction: -0.033322546153467685
z-direction: 0.10975984400383378
